Min= -20.000000
 Max= 12.000000