min = -8.200000 max =  12.000000
min = -8.200000 max =  12.000000
